((0, 10), 0.0040000000000000036)
((0, 1), 0.008000000000000007)
((0, 8), 0.008000000000000007)
((0, 16), 0.008000000000000007)
((0, 19), 0.008000000000000007)
((0, 31), 0.008000000000000007)
((1, 47), 0.008000000000000007)
((0, 3), 0.01200000000000001)
((0, 14), 0.01200000000000001)
((0, 52), 0.01200000000000001)
((0, 5), 0.016000000000000014)
((0, 18), 0.016000000000000014)
((0, 23), 0.016000000000000014)
((0, 28), 0.016000000000000014)
((0, 41), 0.016000000000000014)
((0, 11), 0.020000000000000018)
((0, 15), 0.020000000000000018)
((0, 34), 0.020000000000000018)
((0, 40), 0.020000000000000018)
((2, 9), 0.020000000000000018)
((0, 13), 0.02400000000000002)
((0, 30), 0.02400000000000002)
((0, 42), 0.02400000000000002)
((0, 17), 0.028000000000000025)
((0, 57), 0.028000000000000025)
((0, 58), 0.028000000000000025)
((0, 20), 0.03200000000000003)
((0, 43), 0.03200000000000003)
((0, 47), 0.03200000000000003)
((0, 51), 0.03200000000000003)
((0, 53), 0.03200000000000003)
((1, 5), 0.03200000000000003)
((0, 22), 0.03600000000000003)
((0, 33), 0.03600000000000003)
((0, 36), 0.03600000000000003)
((0, 38), 0.03600000000000003)
((0, 39), 0.03600000000000003)
((0, 45), 0.03600000000000003)
((0, 46), 0.03600000000000003)
((0, 54), 0.03600000000000003)
((0, 2), 0.040000000000000036)
((0, 56), 0.040000000000000036)
((0, 44), 0.04400000000000004)
((0, 48), 0.04400000000000004)
((0, 50), 0.04400000000000004)
((1, 9), 0.04400000000000004)
((2, 5), 0.04400000000000004)
((0, 49), 0.04800000000000004)
((0, 24), 0.052000000000000046)
((0, 35), 0.052000000000000046)
((1, 48), 0.052000000000000046)
((1, 50), 0.052000000000000046)
((1, 38), 0.05600000000000005)
((1, 46), 0.05600000000000005)
((1, 34), 0.06000000000000005)
((1, 52), 0.06000000000000005)
((1, 3), 0.06399999999999995)
((1, 17), 0.06399999999999995)
((1, 44), 0.06399999999999995)
((4, 7), 0.06399999999999995)
((1, 8), 0.06799999999999995)
((1, 15), 0.06799999999999995)
((1, 33), 0.06799999999999995)
((1, 35), 0.06799999999999995)
((1, 45), 0.06799999999999995)
((2, 3), 0.06799999999999995)
((3, 5), 0.07199999999999995)
((3, 9), 0.07199999999999995)
((0, 27), 0.07599999999999996)
((1, 10), 0.07599999999999996)
((1, 14), 0.07599999999999996)
((1, 19), 0.07599999999999996)
((1, 51), 0.07599999999999996)
((1, 30), 0.07999999999999996)
((1, 31), 0.07999999999999996)
((1, 40), 0.07999999999999996)
((1, 53), 0.07999999999999996)
((2, 15), 0.07999999999999996)
((2, 20), 0.07999999999999996)
((2, 33), 0.07999999999999996)
((1, 18), 0.08399999999999996)
((1, 39), 0.08399999999999996)
((1, 42), 0.08399999999999996)
((1, 57), 0.08399999999999996)
((2, 13), 0.08399999999999996)
((2, 30), 0.08399999999999996)
((1, 22), 0.08799999999999997)
((1, 24), 0.08799999999999997)
((1, 27), 0.08799999999999997)
((1, 43), 0.08799999999999997)
((2, 11), 0.08799999999999997)
((2, 14), 0.08799999999999997)
((2, 16), 0.08799999999999997)
((1, 20), 0.09199999999999997)
((1, 23), 0.09199999999999997)
((1, 49), 0.09199999999999997)
((2, 56), 0.09199999999999997)
((4, 5), 0.09199999999999997)
((1, 11), 0.09599999999999997)
((1, 16), 0.09599999999999997)
((2, 38), 0.09599999999999997)
((1, 58), 0.09999999999999998)
((1, 56), 0.10399999999999998)
((5, 8), 0.10399999999999998)
((1, 41), 0.10799999999999998)
((2, 22), 0.10799999999999998)
((2, 35), 0.10799999999999998)
((3, 13), 0.10799999999999998)
((2, 41), 0.11199999999999999)
((1, 36), 0.11599999999999999)
((2, 36), 0.11599999999999999)
((1, 2), 0.12)
((2, 4), 0.12)
((3, 10), 0.12)
((5, 10), 0.12)
((0, 4), 0.124)
((2, 40), 0.124)
((2, 51), 0.124)
((2, 57), 0.124)
((4, 15), 0.124)
((2, 48), 0.128)
((2, 53), 0.128)
((3, 39), 0.128)
((4, 6), 0.128)
((1, 4), 0.132)
((2, 49), 0.132)
((3, 22), 0.132)
((4, 13), 0.132)
((5, 11), 0.132)
((1, 13), 0.136)
((1, 54), 0.136)
((3, 34), 0.136)
((5, 9), 0.136)
((5, 19), 0.136)
((8, 9), 0.14)
((17, 47), 0.14)
((2, 43), 0.14400000000000002)
((2, 58), 0.14800000000000002)
((3, 11), 0.14800000000000002)
((3, 19), 0.14800000000000002)
((4, 11), 0.14800000000000002)
((5, 12), 0.14800000000000002)
((4, 8), 0.15200000000000002)
((4, 10), 0.15200000000000002)
((2, 50), 0.15600000000000003)
((2, 54), 0.15600000000000003)
((8, 10), 0.15600000000000003)
((9, 14), 0.15600000000000003)
((2, 42), 0.16000000000000003)
((2, 52), 0.16000000000000003)
((3, 45), 0.16000000000000003)
((3, 8), 0.16400000000000003)
((4, 17), 0.16400000000000003)
((5, 14), 0.16400000000000003)
((2, 10), 0.16800000000000004)
((2, 19), 0.16800000000000004)
((3, 20), 0.16800000000000004)
((3, 23), 0.16800000000000004)
((5, 15), 0.16800000000000004)
((4, 22), 0.17200000000000004)
((4, 38), 0.17200000000000004)
((4, 57), 0.17200000000000004)
((3, 16), 0.17600000000000005)
((5, 22), 0.17600000000000005)
((9, 10), 0.17600000000000005)
((9, 17), 0.17600000000000005)
((5, 6), 0.18000000000000005)
((6, 9), 0.18000000000000005)
((6, 13), 0.18000000000000005)
((7, 13), 0.18000000000000005)
((8, 13), 0.18000000000000005)
((2, 44), 0.18400000000000005)
((3, 4), 0.18400000000000005)
((4, 27), 0.18400000000000005)
((4, 34), 0.18400000000000005)
((4, 51), 0.18400000000000005)
((10, 14), 0.18400000000000005)
((0, 6), 0.18799999999999994)
((3, 40), 0.18799999999999994)
((3, 53), 0.18799999999999994)
((4, 14), 0.18799999999999994)
((5, 20), 0.18799999999999994)
((3, 15), 0.19199999999999995)
((9, 15), 0.19199999999999995)
((3, 6), 0.19599999999999995)
((1, 6), 0.20399999999999996)
((2, 8), 0.20399999999999996)
((3, 35), 0.20399999999999996)
((3, 38), 0.20399999999999996)
((3, 41), 0.20399999999999996)
((4, 18), 0.20399999999999996)
((5, 17), 0.20399999999999996)
((9, 11), 0.20399999999999996)
((12, 55), 0.20399999999999996)
((25, 29), 0.20399999999999996)
((3, 50), 0.20799999999999996)
((3, 57), 0.20799999999999996)
((3, 58), 0.20799999999999996)
((4, 31), 0.20799999999999996)
((5, 13), 0.20799999999999996)
((4, 23), 0.21199999999999997)
((4, 58), 0.21199999999999997)
((5, 7), 0.21199999999999997)
((9, 19), 0.21199999999999997)
((2, 24), 0.21599999999999997)
((3, 14), 0.21599999999999997)
((3, 33), 0.21599999999999997)
((3, 44), 0.21599999999999997)
((5, 18), 0.21599999999999997)
((9, 16), 0.21599999999999997)
((10, 13), 0.21599999999999997)
((3, 51), 0.21999999999999997)
((4, 19), 0.21999999999999997)
((4, 24), 0.21999999999999997)
((5, 23), 0.21999999999999997)
((5, 28), 0.21999999999999997)
((3, 30), 0.22399999999999998)
((3, 43), 0.22399999999999998)
((3, 49), 0.22399999999999998)
((3, 52), 0.22399999999999998)
((3, 56), 0.22399999999999998)
((4, 16), 0.22399999999999998)
((4, 28), 0.22399999999999998)
((4, 54), 0.22399999999999998)
((5, 34), 0.22399999999999998)
((6, 8), 0.22399999999999998)
((3, 24), 0.22799999999999998)
((3, 36), 0.22799999999999998)
((4, 20), 0.22799999999999998)
((4, 53), 0.22799999999999998)
((26, 32), 0.22799999999999998)
((5, 30), 0.23199999999999998)
((4, 41), 0.236)
((4, 43), 0.236)
((4, 56), 0.236)
((5, 24), 0.236)
((8, 14), 0.236)
((11, 14), 0.236)
((3, 42), 0.24)
((4, 30), 0.24)
((4, 35), 0.24)
((4, 47), 0.24)
((4, 55), 0.24)
((5, 33), 0.24)
((5, 36), 0.24)
((11, 16), 0.24)
((13, 16), 0.24)
((3, 31), 0.244)
((5, 16), 0.244)
((7, 27), 0.244)
((8, 11), 0.244)
((3, 54), 0.248)
((4, 33), 0.248)
((4, 46), 0.248)
((4, 48), 0.248)
((9, 18), 0.248)
((4, 36), 0.252)
((4, 44), 0.252)
((4, 49), 0.252)
((4, 52), 0.252)
((5, 46), 0.252)
((8, 30), 0.252)
((9, 20), 0.252)
((5, 27), 0.256)
((8, 22), 0.256)
((3, 48), 0.26)
((4, 45), 0.26)
((10, 11), 0.26)
((10, 15), 0.26)
((11, 15), 0.26)
((13, 14), 0.26)
((13, 15), 0.26)
((15, 16), 0.26)
((2, 6), 0.264)
((5, 31), 0.264)
((5, 38), 0.264)
((7, 35), 0.264)
((14, 15), 0.264)
((14, 16), 0.264)
((4, 40), 0.268)
((4, 42), 0.268)
((7, 22), 0.268)
((10, 19), 0.268)
((2, 27), 0.272)
((4, 12), 0.272)
((4, 21), 0.272)
((5, 42), 0.272)
((5, 44), 0.272)
((5, 53), 0.272)
((5, 55), 0.272)
((3, 7), 0.276)
((5, 58), 0.276)
((9, 23), 0.276)
((6, 33), 0.28)
((9, 28), 0.28)
((13, 18), 0.28)
((1, 7), 0.28400000000000003)
((4, 39), 0.28400000000000003)
((5, 35), 0.28400000000000003)
((6, 16), 0.28400000000000003)
((12, 13), 0.28400000000000003)
((0, 7), 0.28800000000000003)
((6, 15), 0.28800000000000003)
((7, 46), 0.28800000000000003)
((6, 19), 0.29200000000000004)
((6, 22), 0.29200000000000004)
((7, 12), 0.29200000000000004)
((7, 34), 0.29200000000000004)
((8, 35), 0.29200000000000004)
((8, 36), 0.29200000000000004)
((9, 13), 0.29200000000000004)
((13, 19), 0.29200000000000004)
((5, 39), 0.29600000000000004)
((5, 41), 0.29600000000000004)
((5, 43), 0.29600000000000004)
((7, 8), 0.29600000000000004)
((7, 14), 0.29600000000000004)
((9, 24), 0.29600000000000004)
((13, 17), 0.29600000000000004)
((14, 19), 0.29600000000000004)
((2, 7), 0.30000000000000004)
((5, 40), 0.30000000000000004)
((5, 45), 0.30000000000000004)
((5, 54), 0.30000000000000004)
((5, 56), 0.30000000000000004)
((5, 57), 0.30000000000000004)
((6, 10), 0.30000000000000004)
((7, 11), 0.30000000000000004)
((7, 38), 0.30000000000000004)
((7, 40), 0.30000000000000004)
((7, 52), 0.30000000000000004)
((8, 16), 0.30000000000000004)
((8, 20), 0.30000000000000004)
((9, 34), 0.30000000000000004)
((3, 27), 0.30400000000000005)
((5, 51), 0.30400000000000005)
((6, 30), 0.30400000000000005)
((11, 13), 0.30400000000000005)
((15, 19), 0.30400000000000005)
((4, 50), 0.30800000000000005)
((7, 15), 0.30800000000000005)
((7, 45), 0.30800000000000005)
((8, 15), 0.30800000000000005)
((8, 33), 0.30800000000000005)
((8, 40), 0.30800000000000005)
((9, 33), 0.30800000000000005)
((11, 45), 0.30800000000000005)
((16, 19), 0.30800000000000005)
((6, 17), 0.31200000000000006)
((6, 42), 0.31200000000000006)
((7, 9), 0.31200000000000006)
((7, 16), 0.31200000000000006)
((7, 18), 0.31200000000000006)
((7, 19), 0.31200000000000006)
((10, 16), 0.31200000000000006)
((6, 28), 0.31599999999999995)
((7, 43), 0.31599999999999995)
((9, 36), 0.31599999999999995)
((13, 20), 0.31599999999999995)
((15, 20), 0.31599999999999995)
((6, 35), 0.31999999999999995)
((7, 28), 0.31999999999999995)
((7, 55), 0.31999999999999995)
((8, 19), 0.31999999999999995)
((9, 30), 0.31999999999999995)
((13, 30), 0.31999999999999995)
((17, 46), 0.31999999999999995)
((5, 48), 0.32399999999999995)
((9, 42), 0.32399999999999995)
((13, 22), 0.32399999999999995)
((6, 18), 0.32799999999999996)
((7, 24), 0.32799999999999996)
((7, 53), 0.32799999999999996)
((5, 49), 0.33199999999999996)
((6, 11), 0.33199999999999996)
((6, 31), 0.33199999999999996)
((9, 31), 0.33199999999999996)
((9, 44), 0.33199999999999996)
((10, 20), 0.33199999999999996)
((12, 35), 0.33199999999999996)
((5, 50), 0.33599999999999997)
((6, 7), 0.33599999999999997)
((7, 57), 0.33599999999999997)
((9, 22), 0.33599999999999997)
((13, 28), 0.33599999999999997)
((7, 10), 0.33999999999999997)
((7, 20), 0.33999999999999997)
((7, 33), 0.33999999999999997)
((7, 41), 0.33999999999999997)
((8, 42), 0.33999999999999997)
((9, 40), 0.33999999999999997)
((10, 22), 0.33999999999999997)
((10, 33), 0.33999999999999997)
((0, 9), 0.344)
((6, 14), 0.344)
((6, 38), 0.344)
((7, 36), 0.344)
((8, 41), 0.344)
((9, 35), 0.344)
((6, 23), 0.348)
((7, 17), 0.348)
((7, 30), 0.348)
((10, 30), 0.348)
((11, 20), 0.348)
((11, 30), 0.348)
((13, 27), 0.348)
((6, 53), 0.352)
((8, 44), 0.352)
((8, 48), 0.352)
((10, 31), 0.352)
((15, 22), 0.352)
((18, 20), 0.352)
((6, 46), 0.356)
((6, 56), 0.356)
((9, 41), 0.356)
((11, 22), 0.356)
((14, 20), 0.356)
((5, 47), 0.36)
((5, 52), 0.36)
((6, 20), 0.36)
((6, 27), 0.36)
((7, 42), 0.36)
((8, 38), 0.36)
((8, 57), 0.36)
((13, 23), 0.36)
((6, 39), 0.364)
((6, 44), 0.364)
((7, 31), 0.364)
((7, 39), 0.364)
((7, 56), 0.364)
((7, 58), 0.364)
((8, 54), 0.364)
((8, 56), 0.364)
((9, 48), 0.364)
((6, 57), 0.368)
((7, 48), 0.368)
((8, 49), 0.368)
((8, 50), 0.368)
((8, 58), 0.368)
((9, 52), 0.368)
((13, 24), 0.368)
((13, 35), 0.368)
((16, 22), 0.368)
((5, 21), 0.372)
((6, 34), 0.372)
((7, 44), 0.372)
((8, 27), 0.372)
((9, 43), 0.372)
((9, 46), 0.372)
((13, 44), 0.372)
((15, 33), 0.372)
((6, 40), 0.376)
((6, 54), 0.376)
((11, 36), 0.376)
((6, 24), 0.38)
((9, 38), 0.38)
((9, 39), 0.38)
((10, 40), 0.38)
((12, 22), 0.38)
((2, 23), 0.384)
((7, 49), 0.384)
((9, 49), 0.384)
((15, 30), 0.384)
((6, 48), 0.388)
((7, 23), 0.388)
((7, 51), 0.388)
((8, 43), 0.388)
((9, 58), 0.388)
((11, 33), 0.388)
((13, 33), 0.388)
((18, 22), 0.388)
((6, 41), 0.392)
((8, 53), 0.392)
((10, 27), 0.392)
((10, 48), 0.392)
((14, 30), 0.392)
((6, 52), 0.396)
((8, 45), 0.396)
((8, 51), 0.396)
((9, 50), 0.396)
((6, 43), 0.4)
((8, 24), 0.4)
((9, 51), 0.4)
((13, 31), 0.4)
((16, 20), 0.4)
((9, 54), 0.404)
((11, 38), 0.404)
((13, 51), 0.404)
((14, 22), 0.404)
((6, 45), 0.40800000000000003)
((8, 31), 0.40800000000000003)
((9, 57), 0.40800000000000003)
((2, 45), 0.41200000000000003)
((6, 47), 0.41200000000000003)
((6, 50), 0.41200000000000003)
((6, 51), 0.41200000000000003)
((7, 50), 0.41200000000000003)
((9, 53), 0.41200000000000003)
((9, 56), 0.41200000000000003)
((14, 33), 0.41200000000000003)
((15, 27), 0.41200000000000003)
((15, 31), 0.41200000000000003)
((17, 20), 0.41200000000000003)
((6, 36), 0.41600000000000004)
((6, 58), 0.41600000000000004)
((7, 47), 0.41600000000000004)
((7, 54), 0.41600000000000004)
((9, 27), 0.41600000000000004)
((10, 34), 0.41600000000000004)
((13, 21), 0.41600000000000004)
((13, 38), 0.41600000000000004)
((13, 49), 0.41600000000000004)
((15, 42), 0.41600000000000004)
((16, 33), 0.41600000000000004)
((17, 22), 0.41600000000000004)
((9, 45), 0.42000000000000004)
((10, 38), 0.42000000000000004)
((10, 57), 0.42000000000000004)
((11, 35), 0.42000000000000004)
((13, 58), 0.42000000000000004)
((15, 34), 0.42000000000000004)
((15, 36), 0.42000000000000004)
((10, 41), 0.42400000000000004)
((12, 34), 0.42400000000000004)
((10, 56), 0.42800000000000005)
((14, 34), 0.42800000000000005)
((15, 48), 0.42800000000000005)
((8, 52), 0.43200000000000005)
((10, 44), 0.43200000000000005)
((11, 23), 0.43200000000000005)
((11, 48), 0.43200000000000005)
((16, 36), 0.43200000000000005)
((11, 27), 0.43600000000000005)
((13, 41), 0.43600000000000005)
((3, 12), 0.43999999999999995)
((10, 35), 0.43999999999999995)
((11, 40), 0.43999999999999995)
((11, 42), 0.43999999999999995)
((11, 56), 0.43999999999999995)
((14, 31), 0.43999999999999995)
((19, 20), 0.43999999999999995)
((9, 47), 0.44399999999999995)
((11, 41), 0.44399999999999995)
((13, 47), 0.44399999999999995)
((13, 55), 0.44399999999999995)
((15, 35), 0.44399999999999995)
((15, 45), 0.44399999999999995)
((6, 49), 0.44799999999999995)
((10, 42), 0.44799999999999995)
((12, 30), 0.44799999999999995)
((12, 52), 0.44799999999999995)
((13, 34), 0.44799999999999995)
((13, 40), 0.44799999999999995)
((13, 54), 0.44799999999999995)
((16, 35), 0.44799999999999995)
((10, 24), 0.45199999999999996)
((10, 50), 0.45199999999999996)
((15, 54), 0.45199999999999996)
((19, 22), 0.45199999999999996)
((10, 49), 0.45599999999999996)
((11, 24), 0.45599999999999996)
((12, 31), 0.45599999999999996)
((13, 36), 0.45599999999999996)
((13, 46), 0.45599999999999996)
((13, 53), 0.45599999999999996)
((15, 52), 0.45599999999999996)
((16, 27), 0.45599999999999996)
((17, 33), 0.45599999999999996)
((10, 46), 0.45999999999999996)
((11, 44), 0.45999999999999996)
((12, 39), 0.45999999999999996)
((12, 44), 0.45999999999999996)
((15, 38), 0.45999999999999996)
((6, 12), 0.46399999999999997)
((10, 36), 0.46399999999999997)
((11, 12), 0.46399999999999997)
((11, 53), 0.46399999999999997)
((12, 16), 0.46399999999999997)
((12, 54), 0.46399999999999997)
((13, 39), 0.46399999999999997)
((15, 53), 0.46399999999999997)
((8, 12), 0.46799999999999997)
((11, 57), 0.46799999999999997)
((12, 27), 0.46799999999999997)
((13, 50), 0.46799999999999997)
((16, 24), 0.46799999999999997)
((18, 24), 0.46799999999999997)
((20, 22), 0.46799999999999997)
((8, 17), 0.472)
((8, 23), 0.472)
((10, 43), 0.472)
((12, 41), 0.472)
((13, 43), 0.472)
((15, 23), 0.472)
((15, 43), 0.472)
((16, 30), 0.472)
((1, 12), 0.476)
((4, 9), 0.476)
((10, 52), 0.476)
((12, 18), 0.476)
((12, 45), 0.476)
((13, 48), 0.476)
((15, 57), 0.476)
((10, 58), 0.48)
((12, 51), 0.48)
((13, 56), 0.48)
((14, 24), 0.48)
((12, 20), 0.484)
((12, 38), 0.484)
((12, 56), 0.484)
((14, 27), 0.484)
((17, 24), 0.484)
((18, 27), 0.484)
((39, 46), 0.484)
((10, 51), 0.488)
((11, 52), 0.488)
((12, 15), 0.488)
((12, 17), 0.488)
((12, 28), 0.488)
((12, 50), 0.488)
((14, 43), 0.488)
((14, 44), 0.488)
((15, 24), 0.488)
((15, 50), 0.488)
((16, 23), 0.488)
((16, 54), 0.488)
((24, 27), 0.488)
((0, 12), 0.492)
((3, 17), 0.492)
((10, 23), 0.492)
((13, 42), 0.492)
((14, 35), 0.492)
((15, 40), 0.492)
((15, 51), 0.492)
((10, 12), 0.496)
((12, 14), 0.496)
((12, 33), 0.496)
((12, 43), 0.496)
((15, 56), 0.496)
((16, 40), 0.496)
((18, 33), 0.496)
((1, 28), 0.5)
((11, 58), 0.5)
((12, 24), 0.5)
((12, 40), 0.5)
((13, 57), 0.5)
((14, 36), 0.5)
((16, 57), 0.5)
((19, 27), 0.5)
((11, 54), 0.504)
((12, 53), 0.504)
((13, 45), 0.504)
((19, 30), 0.504)
((2, 17), 0.508)
((11, 19), 0.508)
((12, 42), 0.508)
((14, 48), 0.508)
((16, 38), 0.508)
((16, 48), 0.508)
((16, 50), 0.508)
((10, 53), 0.512)
((10, 54), 0.512)
((12, 47), 0.512)
((13, 52), 0.512)
((16, 53), 0.512)
((18, 35), 0.512)
((19, 33), 0.512)
((11, 50), 0.516)
((11, 51), 0.516)
((12, 48), 0.516)
((12, 58), 0.516)
((16, 18), 0.516)
((12, 23), 0.52)
((18, 36), 0.52)
((2, 12), 0.524)
((10, 45), 0.524)
((11, 43), 0.524)
((14, 38), 0.524)
((15, 41), 0.524)
((16, 41), 0.524)
((16, 51), 0.524)
((11, 49), 0.528)
((14, 41), 0.528)
((16, 44), 0.528)
((17, 40), 0.528)
((8, 34), 0.532)
((19, 40), 0.532)
((19, 44), 0.532)
((27, 47), 0.532)
((16, 17), 0.536)
((17, 27), 0.536)
((17, 49), 0.536)
((20, 23), 0.536)
((2, 28), 0.54)
((14, 40), 0.54)
((14, 49), 0.54)
((14, 51), 0.54)
((14, 53), 0.54)
((17, 35), 0.54)
((17, 56), 0.54)
((20, 30), 0.54)
((21, 22), 0.54)
((3, 46), 0.544)
((11, 17), 0.544)
((12, 36), 0.544)
((12, 49), 0.544)
((14, 23), 0.544)
((16, 42), 0.544)
((16, 49), 0.544)
((17, 38), 0.544)
((17, 42), 0.544)
((17, 51), 0.544)
((12, 19), 0.548)
((12, 46), 0.548)
((12, 57), 0.548)
((14, 42), 0.548)
((14, 52), 0.548)
((16, 31), 0.548)
((17, 45), 0.548)
((15, 17), 0.552)
((17, 31), 0.552)
((23, 39), 0.552)
((2, 18), 0.556)
((14, 50), 0.556)
((14, 57), 0.556)
((15, 49), 0.556)
((16, 56), 0.556)
((17, 30), 0.556)
((17, 41), 0.556)
((17, 57), 0.556)
((20, 35), 0.556)
((22, 30), 0.556)
((14, 17), 0.56)
((15, 58), 0.56)
((16, 52), 0.56)
((18, 41), 0.56)
((2, 25), 0.5640000000000001)
((10, 17), 0.5640000000000001)
((17, 36), 0.5640000000000001)
((18, 39), 0.5640000000000001)
((20, 33), 0.5640000000000001)
((14, 45), 0.5680000000000001)
((16, 58), 0.5680000000000001)
((18, 38), 0.5680000000000001)
((22, 27), 0.5680000000000001)
((1, 25), 0.5720000000000001)
((17, 19), 0.5720000000000001)
((19, 23), 0.5720000000000001)
((19, 49), 0.5720000000000001)
((22, 23), 0.5720000000000001)
((23, 33), 0.5720000000000001)
((32, 37), 0.5720000000000001)
((2, 46), 0.5760000000000001)
((8, 18), 0.5760000000000001)
((17, 48), 0.5760000000000001)
((17, 50), 0.5760000000000001)
((18, 53), 0.5760000000000001)
((19, 35), 0.5760000000000001)
((23, 27), 0.5760000000000001)
((14, 58), 0.5800000000000001)
((16, 43), 0.5800000000000001)
((17, 58), 0.5800000000000001)
((19, 24), 0.5800000000000001)
((22, 24), 0.5800000000000001)
((0, 25), 0.5840000000000001)
((12, 21), 0.5840000000000001)
((17, 43), 0.5840000000000001)
((20, 24), 0.5840000000000001)
((15, 44), 0.5880000000000001)
((17, 52), 0.5880000000000001)
((18, 30), 0.5880000000000001)
((18, 45), 0.5880000000000001)
((18, 47), 0.5880000000000001)
((14, 54), 0.5920000000000001)
((14, 56), 0.5920000000000001)
((17, 34), 0.5920000000000001)
((18, 40), 0.5920000000000001)
((20, 28), 0.5920000000000001)
((3, 28), 0.596)
((16, 45), 0.596)
((17, 53), 0.596)
((18, 34), 0.596)
((18, 51), 0.596)
((22, 33), 0.596)
((8, 28), 0.6)
((15, 18), 0.6)
((17, 54), 0.6)
((18, 43), 0.6)
((18, 54), 0.6)
((22, 28), 0.6)
((18, 44), 0.604)
((19, 28), 0.604)
((19, 42), 0.604)
((19, 53), 0.604)
((22, 31), 0.604)
((0, 21), 0.608)
((23, 24), 0.608)
((26, 35), 0.608)
((1, 21), 0.612)
((9, 12), 0.612)
((12, 25), 0.612)
((18, 46), 0.612)
((18, 49), 0.612)
((20, 27), 0.612)
((22, 36), 0.612)
((2, 21), 0.616)
((9, 21), 0.616)
((11, 18), 0.616)
((17, 39), 0.616)
((17, 44), 0.616)
((18, 31), 0.616)
((18, 57), 0.616)
((20, 38), 0.616)
((23, 30), 0.616)
((30, 33), 0.616)
((3, 18), 0.62)
((3, 25), 0.62)
((8, 25), 0.62)
((19, 36), 0.62)
((19, 41), 0.62)
((24, 30), 0.62)
((10, 28), 0.624)
((11, 28), 0.624)
((14, 18), 0.624)
((17, 18), 0.624)
((18, 48), 0.624)
((21, 35), 0.624)
((10, 25), 0.628)
((11, 25), 0.628)
((17, 23), 0.628)
((19, 38), 0.628)
((19, 43), 0.628)
((19, 50), 0.628)
((18, 25), 0.632)
((27, 31), 0.632)
((4, 25), 0.636)
((10, 18), 0.636)
((14, 28), 0.636)
((17, 25), 0.636)
((18, 52), 0.636)
((20, 34), 0.636)
((15, 28), 0.64)
((16, 28), 0.64)
((18, 42), 0.64)
((18, 58), 0.64)
((27, 30), 0.64)
((27, 33), 0.64)
((27, 35), 0.64)
((29, 32), 0.64)
((6, 21), 0.644)
((18, 23), 0.644)
((19, 57), 0.644)
((20, 36), 0.644)
((22, 35), 0.644)
((24, 34), 0.644)
((31, 34), 0.644)
((2, 31), 0.648)
((14, 25), 0.648)
((18, 56), 0.648)
((19, 56), 0.648)
((10, 21), 0.652)
((19, 52), 0.652)
((25, 35), 0.652)
((27, 36), 0.652)
((33, 34), 0.652)
((15, 25), 0.656)
((23, 25), 0.656)
((25, 32), 0.656)
((28, 34), 0.656)
((30, 31), 0.656)
((3, 21), 0.6599999999999999)
((19, 48), 0.6599999999999999)
((20, 56), 0.6599999999999999)
((21, 23), 0.6599999999999999)
((23, 35), 0.6599999999999999)
((28, 35), 0.6599999999999999)
((9, 25), 0.6639999999999999)
((16, 25), 0.6639999999999999)
((18, 50), 0.6639999999999999)
((20, 45), 0.6639999999999999)
((22, 34), 0.6639999999999999)
((5, 25), 0.6679999999999999)
((6, 25), 0.6679999999999999)
((18, 19), 0.6679999999999999)
((19, 25), 0.6679999999999999)
((25, 43), 0.6679999999999999)
((30, 34), 0.6679999999999999)
((30, 35), 0.6679999999999999)
((19, 51), 0.6719999999999999)
((20, 25), 0.6719999999999999)
((20, 53), 0.6719999999999999)
((21, 25), 0.6719999999999999)
((23, 36), 0.6719999999999999)
((25, 26), 0.6719999999999999)
((25, 51), 0.6719999999999999)
((26, 46), 0.6719999999999999)
((2, 34), 0.6759999999999999)
((17, 21), 0.6759999999999999)
((20, 40), 0.6759999999999999)
((20, 44), 0.6759999999999999)
((24, 31), 0.6759999999999999)
((25, 37), 0.6759999999999999)
((26, 45), 0.6759999999999999)
((27, 28), 0.6759999999999999)
((13, 26), 0.6799999999999999)
((19, 26), 0.6799999999999999)
((19, 58), 0.6799999999999999)
((23, 31), 0.6799999999999999)
((23, 34), 0.6799999999999999)
((24, 25), 0.6799999999999999)
((26, 34), 0.6799999999999999)
((6, 26), 0.6839999999999999)
((11, 31), 0.6839999999999999)
((21, 31), 0.6839999999999999)
((22, 38), 0.6839999999999999)
((24, 35), 0.6839999999999999)
((25, 49), 0.6839999999999999)
((25, 57), 0.6839999999999999)
((27, 49), 0.6839999999999999)
((15, 21), 0.688)
((20, 21), 0.688)
((22, 25), 0.688)
((25, 34), 0.688)
((26, 28), 0.688)
((4, 26), 0.692)
((13, 25), 0.692)
((17, 26), 0.692)
((17, 28), 0.692)
((18, 28), 0.692)
((20, 42), 0.692)
((20, 48), 0.692)
((21, 27), 0.692)
((21, 33), 0.692)
((30, 36), 0.692)
((11, 21), 0.696)
((16, 21), 0.696)
((20, 52), 0.696)
((22, 26), 0.696)
((25, 27), 0.696)
((25, 46), 0.696)
((26, 27), 0.696)
((31, 35), 0.696)
((20, 31), 0.7)
((24, 26), 0.7)
((24, 36), 0.7)
((25, 36), 0.7)
((25, 44), 0.7)
((26, 37), 0.7)
((26, 48), 0.7)
((26, 53), 0.7)
((33, 35), 0.7)
((9, 26), 0.704)
((14, 26), 0.704)
((18, 21), 0.704)
((20, 54), 0.704)
((20, 58), 0.704)
((21, 28), 0.704)
((21, 30), 0.704)
((21, 49), 0.704)
((22, 32), 0.704)
((22, 37), 0.704)
((23, 41), 0.704)
((25, 52), 0.704)
((25, 53), 0.704)
((25, 54), 0.704)
((26, 36), 0.704)
((26, 41), 0.704)
((27, 39), 0.704)
((28, 31), 0.704)
((28, 36), 0.704)
((20, 49), 0.708)
((21, 34), 0.708)
((21, 46), 0.708)
((22, 40), 0.708)
((22, 50), 0.708)
((23, 44), 0.708)
((23, 50), 0.708)
((24, 39), 0.708)
((25, 45), 0.708)
((25, 50), 0.708)
((26, 52), 0.708)
((3, 26), 0.712)
((8, 21), 0.712)
((8, 46), 0.712)
((11, 46), 0.712)
((20, 47), 0.712)
((22, 42), 0.712)
((23, 38), 0.712)
((25, 30), 0.712)
((26, 47), 0.712)
((32, 35), 0.712)
((11, 26), 0.716)
((15, 29), 0.716)
((20, 26), 0.716)
((20, 57), 0.716)
((21, 24), 0.716)
((21, 26), 0.716)
((21, 42), 0.716)
((21, 58), 0.716)
((22, 39), 0.716)
((23, 28), 0.716)
((24, 33), 0.716)
((25, 28), 0.716)
((26, 31), 0.716)
((26, 50), 0.716)
((27, 38), 0.716)
((30, 41), 0.716)
((7, 25), 0.72)
((20, 43), 0.72)
((20, 51), 0.72)
((21, 40), 0.72)
((22, 47), 0.72)
((23, 42), 0.72)
((25, 56), 0.72)
((27, 34), 0.72)
((27, 42), 0.72)
((5, 26), 0.724)
((14, 21), 0.724)
((20, 41), 0.724)
((21, 51), 0.724)
((24, 40), 0.724)
((25, 33), 0.724)
((25, 41), 0.724)
((25, 47), 0.724)
((26, 30), 0.724)
((26, 38), 0.724)
((26, 58), 0.724)
((27, 44), 0.724)
((27, 58), 0.724)
((28, 43), 0.724)
((29, 35), 0.724)
((31, 33), 0.724)
((8, 26), 0.728)
((19, 54), 0.728)
((21, 36), 0.728)
((21, 39), 0.728)
((21, 47), 0.728)
((24, 28), 0.728)
((25, 42), 0.728)
((26, 40), 0.728)
((26, 44), 0.728)
((26, 49), 0.728)
((27, 40), 0.728)
((27, 52), 0.728)
((28, 39), 0.728)
((29, 51), 0.728)
((33, 36), 0.728)
((0, 26), 0.732)
((18, 26), 0.732)
((25, 39), 0.732)
((25, 58), 0.732)
((26, 33), 0.732)
((26, 42), 0.732)
((28, 30), 0.732)
((28, 33), 0.732)
((28, 51), 0.732)
((33, 42), 0.732)
((16, 26), 0.736)
((20, 50), 0.736)
((21, 41), 0.736)
((21, 53), 0.736)
((22, 44), 0.736)
((23, 43), 0.736)
((24, 38), 0.736)
((24, 43), 0.736)
((26, 51), 0.736)
((27, 48), 0.736)
((29, 48), 0.736)
((31, 38), 0.736)
((33, 40), 0.736)
((34, 39), 0.736)
((5, 32), 0.74)
((10, 32), 0.74)
((15, 26), 0.74)
((22, 46), 0.74)
((22, 48), 0.74)
((22, 49), 0.74)
((22, 51), 0.74)
((22, 55), 0.74)
((23, 48), 0.74)
((25, 31), 0.74)
((25, 38), 0.74)
((26, 54), 0.74)
((26, 57), 0.74)
((30, 42), 0.74)
((30, 52), 0.74)
((12, 26), 0.744)
((22, 57), 0.744)
((22, 58), 0.744)
((24, 41), 0.744)
((25, 55), 0.744)
((28, 41), 0.744)
((28, 50), 0.744)
((29, 49), 0.744)
((16, 46), 0.748)
((19, 21), 0.748)
((19, 45), 0.748)
((21, 38), 0.748)
((21, 44), 0.748)
((22, 45), 0.748)
((22, 52), 0.748)
((23, 26), 0.748)
((23, 45), 0.748)
((27, 43), 0.748)
((29, 52), 0.748)
((29, 55), 0.748)
((29, 57), 0.748)
((30, 40), 0.748)
((30, 57), 0.748)
((33, 38), 0.748)
((34, 35), 0.748)
((34, 36), 0.748)
((1, 32), 0.752)
((10, 29), 0.752)
((21, 45), 0.752)
((21, 54), 0.752)
((23, 53), 0.752)
((25, 48), 0.752)
((27, 46), 0.752)
((28, 38), 0.752)
((0, 29), 0.756)
((1, 26), 0.756)
((7, 32), 0.756)
((10, 26), 0.756)
((20, 29), 0.756)
((21, 55), 0.756)
((22, 43), 0.756)
((22, 54), 0.756)
((22, 56), 0.756)
((23, 40), 0.756)
((23, 52), 0.756)
((23, 54), 0.756)
((24, 42), 0.756)
((25, 40), 0.756)
((26, 56), 0.756)
((27, 51), 0.756)
((27, 54), 0.756)
((29, 30), 0.756)
((29, 33), 0.756)
((31, 36), 0.756)
((31, 40), 0.756)
((23, 57), 0.76)
((23, 58), 0.76)
((26, 55), 0.76)
((27, 41), 0.76)
((28, 47), 0.76)
((28, 52), 0.76)
((29, 40), 0.76)
((2, 26), 0.764)
((5, 29), 0.764)
((7, 21), 0.764)
((22, 53), 0.764)
((23, 56), 0.764)
((26, 29), 0.764)
((27, 45), 0.764)
((27, 56), 0.764)
((28, 54), 0.764)
((29, 34), 0.764)
((29, 39), 0.764)
((30, 45), 0.764)
((30, 50), 0.764)
((35, 36), 0.764)
((12, 32), 0.768)
((20, 46), 0.768)
((21, 43), 0.768)
((23, 49), 0.768)
((24, 52), 0.768)
((27, 50), 0.768)
((27, 57), 0.768)
((28, 42), 0.768)
((4, 32), 0.772)
((14, 46), 0.772)
((15, 46), 0.772)
((16, 29), 0.772)
((21, 50), 0.772)
((21, 56), 0.772)
((22, 29), 0.772)
((22, 41), 0.772)
((24, 45), 0.772)
((24, 51), 0.772)
((27, 29), 0.772)
((28, 40), 0.772)
((28, 56), 0.772)
((29, 44), 0.772)
((29, 53), 0.772)
((29, 54), 0.772)
((31, 44), 0.772)
((33, 39), 0.772)
((35, 37), 0.772)
((18, 29), 0.776)
((20, 39), 0.776)
((24, 32), 0.776)
((26, 39), 0.776)
((28, 49), 0.776)
((29, 46), 0.776)
((29, 50), 0.776)
((31, 41), 0.776)
((33, 44), 0.776)
((34, 38), 0.776)
((6, 29), 0.78)
((13, 29), 0.78)
((14, 29), 0.78)
((21, 32), 0.78)
((24, 54), 0.78)
((27, 53), 0.78)
((28, 45), 0.78)
((28, 46), 0.78)
((29, 41), 0.78)
((30, 38), 0.78)
((31, 43), 0.78)
((32, 47), 0.78)
((11, 32), 0.784)
((19, 31), 0.784)
((23, 51), 0.784)
((24, 56), 0.784)
((26, 43), 0.784)
((29, 31), 0.784)
((30, 44), 0.784)
((30, 51), 0.784)
((33, 46), 0.784)
((0, 32), 0.788)
((16, 34), 0.788)
((19, 29), 0.788)
((24, 29), 0.788)
((24, 44), 0.788)
((24, 53), 0.788)
((24, 57), 0.788)
((28, 57), 0.788)
((33, 43), 0.788)
((33, 51), 0.788)
((35, 38), 0.788)
((28, 44), 0.792)
((28, 48), 0.792)
((28, 53), 0.792)
((29, 42), 0.792)
((29, 58), 0.792)
((31, 54), 0.792)
((34, 51), 0.792)
((9, 29), 0.796)
((19, 34), 0.796)
((24, 47), 0.796)
((24, 48), 0.796)
((24, 58), 0.796)
((29, 38), 0.796)
((29, 45), 0.796)
((33, 41), 0.796)
((34, 44), 0.796)
((3, 32), 0.8)
((7, 26), 0.8)
((13, 32), 0.8)
((28, 32), 0.8)
((29, 37), 0.8)
((29, 56), 0.8)
((31, 32), 0.8)
((33, 58), 0.8)
((34, 49), 0.8)
((2, 29), 0.804)
((6, 32), 0.804)
((15, 32), 0.804)
((19, 32), 0.804)
((24, 46), 0.804)
((34, 43), 0.804)
((1, 29), 0.808)
((12, 29), 0.808)
((21, 52), 0.808)
((24, 50), 0.808)
((28, 58), 0.808)
((29, 36), 0.808)
((29, 47), 0.808)
((30, 48), 0.808)
((30, 49), 0.808)
((32, 40), 0.808)
((32, 41), 0.808)
((32, 45), 0.808)
((33, 57), 0.808)
((3, 29), 0.812)
((17, 29), 0.812)
((18, 32), 0.812)
((21, 29), 0.812)
((21, 48), 0.812)
((30, 58), 0.812)
((32, 42), 0.812)
((33, 45), 0.812)
((33, 53), 0.812)
((33, 54), 0.812)
((34, 58), 0.812)
((35, 39), 0.812)
((4, 29), 0.8160000000000001)
((11, 34), 0.8160000000000001)
((31, 53), 0.8160000000000001)
((32, 34), 0.8160000000000001)
((32, 43), 0.8160000000000001)
((35, 42), 0.8160000000000001)
((35, 43), 0.8160000000000001)
((9, 32), 0.8200000000000001)
((23, 46), 0.8200000000000001)
((30, 43), 0.8200000000000001)
((30, 54), 0.8200000000000001)
((32, 52), 0.8200000000000001)
((32, 55), 0.8200000000000001)
((36, 38), 0.8200000000000001)
((36, 40), 0.8200000000000001)
((8, 29), 0.8240000000000001)
((17, 32), 0.8240000000000001)
((21, 57), 0.8240000000000001)
((28, 29), 0.8240000000000001)
((30, 53), 0.8240000000000001)
((31, 48), 0.8240000000000001)
((32, 33), 0.8240000000000001)
((32, 48), 0.8240000000000001)
((32, 54), 0.8240000000000001)
((32, 56), 0.8240000000000001)
((33, 50), 0.8240000000000001)
((34, 40), 0.8240000000000001)
((34, 41), 0.8240000000000001)
((34, 45), 0.8240000000000001)
((34, 56), 0.8240000000000001)
((11, 29), 0.8280000000000001)
((23, 29), 0.8280000000000001)
((27, 32), 0.8280000000000001)
((29, 43), 0.8280000000000001)
((31, 52), 0.8280000000000001)
((35, 51), 0.8280000000000001)
((30, 56), 0.832)
((31, 58), 0.832)
((32, 39), 0.832)
((32, 46), 0.832)
((33, 47), 0.832)
((34, 42), 0.832)
((34, 46), 0.832)
((34, 50), 0.832)
((24, 49), 0.836)
((30, 32), 0.836)
((32, 50), 0.836)
((32, 51), 0.836)
((33, 52), 0.836)
((34, 54), 0.836)
((35, 56), 0.836)
((2, 32), 0.84)
((13, 37), 0.84)
((23, 32), 0.84)
((31, 45), 0.84)
((31, 46), 0.84)
((32, 36), 0.84)
((33, 49), 0.84)
((36, 39), 0.84)
((36, 42), 0.84)
((5, 37), 0.844)
((32, 57), 0.844)
((35, 41), 0.844)
((35, 52), 0.844)
((36, 41), 0.844)
((19, 46), 0.848)
((30, 46), 0.848)
((33, 56), 0.848)
((35, 40), 0.848)
((35, 45), 0.848)
((35, 54), 0.848)
((31, 42), 0.852)
((31, 56), 0.852)
((33, 48), 0.852)
((34, 57), 0.852)
((35, 48), 0.852)
((35, 57), 0.852)
((7, 29), 0.856)
((31, 51), 0.856)
((31, 57), 0.856)
((32, 49), 0.856)
((34, 52), 0.856)
((36, 46), 0.856)
((38, 39), 0.856)
((8, 32), 0.86)
((8, 39), 0.86)
((14, 32), 0.86)
((38, 42), 0.86)
((31, 50), 0.864)
((32, 44), 0.864)
((32, 53), 0.864)
((32, 58), 0.864)
((34, 53), 0.864)
((35, 50), 0.864)
((16, 32), 0.868)
((20, 32), 0.868)
((34, 48), 0.868)
((36, 48), 0.868)
((1, 37), 0.872)
((35, 53), 0.872)
((36, 43), 0.872)
((36, 45), 0.872)
((36, 47), 0.872)
((6, 55), 0.876)
((30, 37), 0.876)
((31, 49), 0.876)
((35, 44), 0.876)
((35, 58), 0.876)
((14, 37), 0.88)
((35, 47), 0.88)
((36, 49), 0.88)
((36, 50), 0.88)
((36, 53), 0.88)
((38, 40), 0.88)
((39, 41), 0.88)
((2, 37), 0.884)
((32, 38), 0.884)
((36, 44), 0.884)
((36, 51), 0.884)
((4, 37), 0.888)
((31, 37), 0.888)
((35, 46), 0.888)
((36, 57), 0.888)
((16, 39), 0.892)
((38, 48), 0.892)
((39, 40), 0.892)
((39, 43), 0.892)
((2, 39), 0.896)
((6, 37), 0.896)
((35, 55), 0.896)
((36, 56), 0.896)
((36, 58), 0.896)
((38, 51), 0.896)
((39, 49), 0.896)
((39, 53), 0.896)
((0, 37), 0.9)
((27, 37), 0.9)
((31, 39), 0.9)
((38, 56), 0.9)
((39, 45), 0.9)
((41, 42), 0.9)
((10, 39), 0.904)
((11, 37), 0.904)
((15, 39), 0.904)
((19, 37), 0.904)
((19, 39), 0.904)
((36, 54), 0.904)
((37, 47), 0.904)
((37, 50), 0.904)
((38, 41), 0.904)
((38, 57), 0.904)
((39, 48), 0.904)
((40, 42), 0.904)
((11, 39), 0.908)
((15, 37), 0.908)
((17, 37), 0.908)
((30, 39), 0.908)
((35, 49), 0.908)
((3, 37), 0.912)
((10, 37), 0.912)
((14, 39), 0.912)
((24, 37), 0.912)
((37, 51), 0.912)
((38, 43), 0.912)
((38, 58), 0.912)
((39, 50), 0.912)
((40, 49), 0.912)
((7, 37), 0.916)
((16, 37), 0.916)
((21, 37), 0.916)
((36, 37), 0.916)
((39, 52), 0.916)
((39, 57), 0.916)
((39, 58), 0.916)
((8, 37), 0.92)
((9, 37), 0.92)
((12, 37), 0.92)
((37, 41), 0.92)
((37, 44), 0.92)
((38, 45), 0.92)
((39, 51), 0.92)
((41, 43), 0.92)
((2, 55), 0.924)
((20, 37), 0.924)
((36, 52), 0.924)
((37, 40), 0.924)
((39, 42), 0.924)
((39, 44), 0.924)
((39, 54), 0.924)
((40, 41), 0.924)
((40, 46), 0.924)
((28, 37), 0.928)
((34, 37), 0.928)
((37, 49), 0.928)
((38, 44), 0.928)
((38, 54), 0.928)
((39, 56), 0.928)
((42, 45), 0.928)
((18, 37), 0.9319999999999999)
((23, 37), 0.9319999999999999)
((33, 37), 0.9319999999999999)
((37, 42), 0.9319999999999999)
((37, 48), 0.9319999999999999)
((37, 52), 0.9319999999999999)
((40, 43), 0.9319999999999999)
((40, 47), 0.9319999999999999)
((3, 55), 0.9359999999999999)
((37, 39), 0.9359999999999999)
((37, 53), 0.9359999999999999)
((38, 46), 0.9359999999999999)
((40, 48), 0.9359999999999999)
((40, 50), 0.9359999999999999)
((1, 55), 0.94)
((8, 55), 0.94)
((37, 54), 0.94)
((37, 57), 0.94)
((38, 50), 0.94)
((40, 58), 0.94)
((9, 55), 0.944)
((37, 55), 0.944)
((41, 51), 0.944)
((42, 44), 0.944)
((42, 50), 0.944)
((42, 54), 0.944)
((37, 38), 0.948)
((37, 46), 0.948)
((37, 58), 0.948)
((40, 53), 0.948)
((41, 46), 0.948)
((43, 45), 0.948)
((43, 51), 0.948)
((0, 55), 0.952)
((40, 44), 0.952)
((40, 51), 0.952)
((41, 55), 0.952)
((41, 58), 0.952)
((42, 49), 0.952)
((37, 56), 0.956)
((38, 52), 0.956)
((40, 45), 0.956)
((40, 52), 0.956)
((40, 57), 0.956)
((41, 49), 0.956)
((42, 43), 0.956)
((42, 57), 0.956)
((11, 55), 0.96)
((37, 43), 0.96)
((40, 56), 0.96)
((41, 57), 0.96)
((42, 52), 0.96)
((42, 53), 0.96)
((43, 50), 0.96)
((43, 54), 0.96)
((43, 56), 0.96)
((3, 47), 0.964)
((38, 53), 0.964)
((41, 47), 0.964)
((41, 56), 0.964)
((42, 48), 0.964)
((42, 51), 0.964)
((42, 56), 0.964)
((43, 53), 0.964)
((43, 57), 0.964)
((37, 45), 0.968)
((38, 49), 0.968)
((40, 54), 0.968)
((41, 45), 0.968)
((41, 52), 0.968)
((41, 53), 0.968)
((42, 58), 0.968)
((43, 44), 0.968)
((43, 58), 0.968)
((43, 47), 0.972)
((43, 48), 0.972)
((15, 55), 0.976)
((41, 44), 0.976)
((41, 54), 0.976)
((46, 51), 0.976)
((2, 47), 0.98)
((18, 55), 0.98)
((23, 47), 0.98)
((33, 55), 0.98)
((41, 48), 0.98)
((43, 55), 0.98)
((44, 50), 0.98)
((44, 54), 0.98)
((44, 56), 0.98)
((44, 57), 0.98)
((11, 47), 0.984)
((19, 55), 0.984)
((27, 55), 0.984)
((30, 55), 0.984)
((34, 47), 0.984)
((34, 55), 0.984)
((41, 50), 0.984)
((43, 49), 0.984)
((44, 51), 0.984)
((45, 47), 0.984)
((51, 52), 0.984)
((51, 54), 0.984)
((51, 57), 0.984)
((10, 55), 0.988)
((14, 55), 0.988)
((16, 55), 0.988)
((19, 47), 0.988)
((23, 55), 0.988)
((31, 47), 0.988)
((38, 55), 0.988)
((42, 46), 0.988)
((43, 52), 0.988)
((44, 45), 0.988)
((44, 46), 0.988)
((44, 52), 0.988)
((44, 58), 0.988)
((45, 46), 0.988)
((45, 54), 0.988)
((46, 50), 0.988)
((51, 56), 0.988)
((10, 47), 0.992)
((14, 47), 0.992)
((16, 47), 0.992)
((28, 55), 0.992)
((38, 47), 0.992)
((39, 47), 0.992)
((42, 55), 0.992)
((43, 46), 0.992)
((44, 48), 0.992)
((44, 53), 0.992)
((45, 48), 0.992)
((45, 50), 0.992)
((45, 51), 0.992)
((45, 56), 0.992)
((45, 57), 0.992)
((46, 48), 0.992)
((46, 57), 0.992)
((47, 53), 0.992)
((47, 54), 0.992)
((47, 56), 0.992)
((51, 58), 0.992)
((8, 47), 0.996)
((17, 55), 0.996)
((20, 55), 0.996)
((24, 55), 0.996)
((31, 55), 0.996)
((36, 55), 0.996)
((39, 55), 0.996)
((44, 47), 0.996)
((45, 49), 0.996)
((45, 52), 0.996)
((45, 53), 0.996)
((46, 47), 0.996)
((46, 49), 0.996)
((46, 52), 0.996)
((46, 53), 0.996)
((46, 54), 0.996)
((46, 56), 0.996)
((46, 58), 0.996)
((47, 49), 0.996)
((47, 50), 0.996)
((47, 52), 0.996)
((47, 58), 0.996)
((48, 58), 0.996)
((49, 51), 0.996)
((50, 51), 0.996)
((50, 57), 0.996)
((15, 47), 1.0)
((30, 47), 1.0)
((40, 55), 1.0)
((42, 47), 1.0)
((44, 49), 1.0)
((44, 55), 1.0)
((45, 55), 1.0)
((45, 58), 1.0)
((46, 55), 1.0)
((47, 48), 1.0)
((47, 51), 1.0)
((47, 55), 1.0)
((47, 57), 1.0)
((48, 49), 1.0)
((48, 50), 1.0)
((48, 51), 1.0)
((48, 52), 1.0)
((48, 53), 1.0)
((48, 54), 1.0)
((48, 55), 1.0)
((48, 56), 1.0)
((48, 57), 1.0)
((49, 50), 1.0)
((49, 52), 1.0)
((49, 53), 1.0)
((49, 54), 1.0)
((49, 55), 1.0)
((49, 56), 1.0)
((49, 57), 1.0)
((49, 58), 1.0)
((50, 52), 1.0)
((50, 53), 1.0)
((50, 54), 1.0)
((50, 55), 1.0)
((50, 56), 1.0)
((50, 58), 1.0)
((51, 53), 1.0)
((51, 55), 1.0)
((52, 53), 1.0)
((52, 54), 1.0)
((52, 55), 1.0)
((52, 56), 1.0)
((52, 57), 1.0)
((52, 58), 1.0)
((53, 54), 1.0)
((53, 55), 1.0)
((53, 56), 1.0)
((53, 57), 1.0)
((53, 58), 1.0)
((54, 55), 1.0)
((54, 56), 1.0)
((54, 57), 1.0)
((54, 58), 1.0)
((55, 56), 1.0)
((55, 57), 1.0)
((55, 58), 1.0)
((56, 57), 1.0)
((56, 58), 1.0)
((57, 58), 1.0)
